0,463
50,5
0,462
0,461
0,460
50,4
0,459
0,458
0,457
0,456
0,455
0,454
0,453
0,452
50,3
50,2
0,451
50,1
50,0
0,450
0,449
49,3
49,2
49,1
49,0
0,448
0,447
0,446
48,5
0,445
0,444
0,443
48,4
0,442
0,441
0,440
48,3
48,2
0,439
48,1
48,0
0,438
0,437
47,4
47,3
47,2
47,1
47,0
0,436
0,435
0,434
0,433
46,4
46,3
46,2
46,1
46,0
0,432
45,3
45,2
45,1
45,0
44,3
44,2
44,1
44,0
43,4
43,3
43,2
43,1
43,0
42,3
42,2
42,1
42,0
0,431
0,430
0,429
0,428
0,427
0,426
0,425
0,424
0,423
0,386
0,278
0,9
41,52
41,51
41,50
41,49
41,48
41,47
41,46
41,45
41,44
41,43
41,42
41,41
41,40
41,39
41,38
41,37
41,36
41,35
3,1
3,3
10,157
10,143
10,67
